9238108091
9222418624
9218992320
9194490914
9164829804
9144120867
9144401839
9135263224
9119844369
9111777708
9094929932
9095546172
9095062928
9094056707
9081385976
9067941784
9000040471
8987452232
8975458899
8893533993
8883891913
8883898254
8818935243
8801243503
8822238134
8765648059
8748136612
8731432488
8695003557
8713570301
8643214996
8642407373
8642165834
8590392083
8567344376
8562506272
8531588144
8516256209
8404725356
8511416786
8403177023
8380051871
8360127752
8321815610
7985009234
8295576480
8295513539
7979588714
8265822473
7885177904
7872101674
8173154464
7935810339
7873402650
7337134967
7836671403
7790100994
7501107667
7743853501
7677385185
7513853058
7710042634
7521275417
7418483502
7489347030
6836635339
7373295907
6376852205
7337251299
7300723777
7238641690
7160853508
7210866413
7202599412
6302368189
6840142266
7036071263
6989697349
6853244145
6017844556
5917858281
7020325877
6729743735
6768011122
6681388819
6471432747
6599160803
6648347100
5195436452
6697678822
5557144192
6453190262
6292815234
6075921175
6460667928
6447871866
